Smith 4.5 5.0 4.0 3.2 3.4
Johnson 5.2 4.5 4.0 3.3 3.5
Jones 2.5 2.0 3.0 3.3 3.5
Williams 4.5 4.0 4.0 0 3.5
Brown 2.5 2.0 1.0 0 3.5
Davis 4.5 4.0 4.0 3.3 3.5
Miller 4.5 4.0 4.0 3.3 3.5
Wilson 4.5 4.0 4.0 3.3 3.5
Moore 4.5 4.0 4.0 3.3 3.5
Taylor 4.5 4.0 4.0 3.3 3.5
Anderson 4.5 4.0 4.0 3.3 3.5
Thomas 2.5 1.0 2.0 1.3 2.5
Jackson 4.5 4.0 4.0 3.3 3.5
White 4.5 4.0 4.0 3.3 3.5
Harris 4.5 4.0 4.0 3.3 3.5
Martin 4.5 4.0 4.0 3.3 3.5
Thompson 4.5 4.0 4.0 3.3 3.5
Garcia 1.5 1.0 1.0 1.3 1.5
Martinez 4.5 4.0 4.0 3.3 3.5
Robinson 4.5 4.0 4.0 3.3 3.5
Clark 4.5 4.0 4.0 3.3 3.5
Rodriguez 4.5 4.0 4.0 3.3 3.5
Lewis 4.5 4.0 4.0 3.3 3.5
Lee 4.5 4.0 4.0 3.3 3.5
Walker 4.5 4.0 4.0 3.3 3.5
Hall 4.5 4.0 4.0 3.3 3.5
Allen 4.5 4.0 4.0 3.3 3.5
Young 4.5 4.0 4.0 3.3 3.5
Hernandez 4.5 4.0 4.0 3.3 3.5
King 4.5 4.0 4.0 3.3 3.5
Wright 4.5 4.0 4.0 3.3 3.5
Lopez 4.5 4.0 4.0 3.3 3.5
Hill 4.5 4.0 4.0 3.3 3.5
Scott 4.5 4.0 4.0 3.3 3.5
Green 4.5 4.0 4.0 3.3 3.5
Adams 4.5 4.0 4.0 3.3 3.5
Baker 4.5 4.0 4.0 3.3 3.5
Gonzalez 4.5 4.0 4.0 3.3 3.5
Nelson 4.5 4.0 4.0 3.3 3.5
Carter 4.5 4.0 4.0 3.3 3.5
Mitchell 4.5 4.0 4.0 3.3 3.5
Perez 4.5 4.0 4.0 3.3 3.5
Roberts 4.5 4.0 4.0 3.3 3.5
Turner 4.5 4.0 4.0 3.3 3.5
Phillips 4.5 4.0 4.0 3.3 3.5
Campbell 4.5 4.0 4.0 3.3 3.5
Parker 4.5 4.0 4.0 3.3 3.5
Evans 4.5 4.0 4.0 3.3 3.5
Edwards 4.5 4.0 4.0 3.3 3.5
Collins 4.5 4.0 4.0 3.3 3.5
Stewart 4.5 4.0 4.0 3.3 3.5
Sanchez 4.5 4.0 4.0 3.3 3.5
